359282	0.54932
359286	0.57610
359290	0.53639
359294	0.51832
359298	0.40230
359302	0.31867
359306	0.04354
359310	-0.06069
359314	-0.40663
359318	-0.48516
359322	-0.67107
359326	-0.47432
359330	-0.47606
359334	-0.57985
359338	-0.59748
359342	-0.50034
359346	-0.57555
359350	-0.39987
359354	-0.33797
359358	-0.07466
359362	-0.07039
359366	0.05871
359370	0.19537
359374	0.18397
359378	0.24407
359382	0.20307
359386	0.21882
359390	0.23650
359394	0.29481
359398	0.34330
359402	0.44746
359406	0.48742
359410	0.50204
359414	0.64409
359418	0.59418
359422	0.62667
359426	0.66357
359430	0.71143
359434	0.64039
359438	0.57655
359442	0.52246
359446	0.52246
359450	0.36621
359454	0.31391
359458	0.20559
359462	0.09904
359466	-0.10955
359470	-0.27774
359474	-0.45646
359478	-0.63862
359482	-1.01398
359486	-1.03884
359490	-1.10970
359494	-1.09812
359498	-1.16234
359502	-1.12034
359506	-1.12034
359510	-1.07994
359514	-0.86229
359518	-0.74867
359522	-0.58254
359526	-0.39750
359530	-0.22550
359534	-0.10567
359538	-0.02082
359542	0.03232
359546	0.13033
359550	0.18693
359554	0.31004
359558	0.38415
359562	0.42798
359566	0.42798
359570	0.43186
359574	0.41488
359578	0.41695
359582	0.30170
359586	0.29567
359590	0.28378
359594	0.29504
359598	0.28180
359602	0.16704
359606	0.16704
359610	0.10507
359614	0.06691
359618	0.00830
359622	-0.01886
359626	-0.15238
359630	-0.20725
359634	-0.33842
359638	-0.32811
359642	-0.41031
359646	-0.33707
359650	-0.43503
359654	-0.37308
359658	-0.39033
359662	-0.57856
359666	-0.73537
359670	-0.79031
359674	-1.00000
359678	-1.45128
359682	-1.92423
359686	-1.90817
359690	-2.11229
359694	-2.21771
359698	-2.71947
359702	-2.63259
359706	-2.74560
359710	-2.71947
359714	-2.73769
359718	-2.74175
359722	-2.80166
359726	-2.73263
359730	-2.72797
359734	-2.64693
359738	-2.57689
359742	-2.16139
359746	-1.99467
359750	-2.08404
359754	-2.01159
359758	-1.81263
359762	-1.55639
359766	-1.44746
359770	-1.60790
359774	-1.78194
359778	-1.92790
359782	-1.93794
359786	-1.63227
359790	-1.65021
359794	-1.16368
359798	-1.34718
359802	-1.34479
359806	-1.18274
359810	-1.07560
359814	-0.87280
359818	-0.70289
359822	-0.55484
359826	-0.41551
359830	-0.41398
359834	-0.26838
359838	-0.29376
359842	-0.10718
359846	-0.19842
359850	-0.14577
359854	-0.06370
359858	-0.01332
359862	-0.00768
359866	0.00000
359870	0.12457
359874	0.23781
359878	0.32182
359882	0.37546
359886	0.44386
359890	0.45531
359894	0.40956
359898	0.42828
359902	0.38357
359906	0.38375
359910	0.38357
359914	0.15583
359918	0.20914
359922	0.07222
359926	0.06471
359930	-0.17088
359934	-0.25653
359938	-0.33394
359942	-0.57653
359946	-0.61078
359950	-0.75132
359954	-0.92279
359958	-1.19840
359962	-1.51866
359966	-1.68719
359970	-1.97611
359974	-1.87148
359978	-1.98089
359982	-1.78850
359986	-1.70402
359990	-1.70402
359994	-1.61218
359998	-1.66985
360002	-1.19449
360006	-0.92834
360010	-0.64465
360014	-0.41439
360018	-0.34238
360022	-0.15263
360026	0.11613
360030	0.14649
360034	0.26455
360038	0.27686
360042	0.30651
360046	0.26669
360050	0.23218
360054	0.20194
360058	0.17020
360062	0.24941
360066	0.23344
360070	0.17335
360074	0.13441
360078	0.15610
360082	0.18532
360086	0.21217
360090	0.27249
360094	0.38152
360098	0.41199
360102	0.44211
360106	0.38980
360110	0.44248
360114	0.43346
360118	0.60002
360122	0.68258
360126	0.64189
360130	0.55491
360134	0.40071
360138	0.21188
360142	-0.04713
360146	-0.19721
360150	-0.32361
360154	-0.44749
360158	-0.50911
360162	-0.48964
360166	-0.48964
360170	-0.46128
360174	-0.47514
360178	-0.51351
360182	-0.35963
360186	-0.18919
360190	-0.08465
360194	0.08752
360198	0.13212
360202	0.24968
360206	0.19967
360210	0.27410
360214	0.28029
360218	0.29408
360222	0.30129
360226	0.31742
360230	0.26579
360234	0.31233
360238	0.31646
360242	0.32178
360246	0.35354
360250	0.38691
360254	0.41011
360258	0.46626
360262	0.48519
360266	0.46646
360270	0.48779
360274	0.51346
360278	0.48779
360282	0.42616
360286	0.39248