Sequence	1
# Name	chrfaux_yjm
# Number of Hits	4564

13	0.00000
195	0.00000
199	0.00000
203	0.00000
207	0.00000
211	0.00000
215	0.00000
219	0.00000
223	0.00000
227	0.00000
231	0.00000
235	0.00000
239	0.00000
243	0.00000
247	0.00000
251	0.00000
255	0.00000
382	0.72623
386	0.60686
390	1.22239
394	1.22239
398	1.22078
402	0.91511
406	0.75309
410	0.97831
414	1.03171
418	0.70627
422	0.56188
426	0.00000
430	0.34104
434	0.00000
438	0.00000
442	0.00000
446	0.00000
450	0.00000
454	0.00000
458	0.00000
462	0.00000
466	0.00000
470	0.00000
474	0.00000
478	0.00000
482	0.00000
486	0.00000
490	0.00000
494	0.00000
498	0.00000
626	0.00000
630	0.00000
634	0.00000
638	0.00000
642	0.00000
646	0.00000
650	0.00000
654	0.00000
658	0.00000
662	0.00000
791	-2.00000
795	-2.00000
924	-1.00000
928	-1.00000
1054	0.91229
1058	0.91229
1062	0.91229
1066	0.91229
1193	0.00000
1197	0.00000
1201	0.00000
1205	0.00000
1327	-0.11075
1331	-0.11075
1557	0.00000
1561	0.00000
1565	0.00000
1569	0.00000
1573	0.00000
1696	0.37158
1700	0.00000
1704	0.00000
1708	0.26303
1712	0.00000
1716	0.00000
1720	0.00000
1724	0.00000
1728	0.00000
1732	0.00000
1736	0.00000
1740	0.00000
1869	0.00000
1873	0.00000
1877	0.00000
1881	0.00000
1885	0.00000
1889	0.00000
2018	0.00000
2022	0.00000
2026	0.00000
2030	0.00000
2034	0.00000
2038	0.00000
2042	0.00000
2046	0.00000
2050	0.00000
2054	0.00000
2058	0.00000
2062	0.00000
2406	0.00000
2410	0.00000
2414	0.00000
2418	0.00000
2422	0.00000
2426	0.00000
2430	0.00000
2434	0.00000
2438	0.00000
2442	0.00000
2569	0.00000
2573	0.00000
2577	0.00000
2581	0.00000
2708	-0.59956
2712	-0.59956
2889	1.30038
2893	1.30038
3015	1.28171
3019	1.28171
3023	1.28171
3027	1.28171
3031	1.28171
3035	1.28171
3161	0.00000
3165	0.00000
3169	0.00000
3173	0.00000
3177	0.00000
3181	0.00000
3308	0.00000
3312	0.00000
3316	0.00000
3320	0.00000
3324	0.00000
3328	0.00000
3332	0.00000
3336	0.00000
3340	0.00000
3344	0.00000
3472	0.00000
3476	0.00000
3480	0.00000
3484	0.00000
3488	0.00000
3492	0.00000
3496	0.00000
3500	0.00000
3622	0.57412
3626	0.57412
3749	0.00000
3753	0.00000
3757	0.00000
3761	0.00000
3765	0.00000
3769	0.00000
3773	0.00000
3777	0.41504
3781	0.58823
3785	0.87447
3789	0.56188
3793	0.73697
3797	0.63227
3801	0.38941
3805	0.41504
3809	0.00000
3813	0.00000
3817	0.00000
3821	0.00000
3825	0.00000
3829	0.00000
3833	0.00000
3955	0.00000
3959	0.00000
3963	0.00000
3967	0.00000
3971	0.00000
3975	0.00000
3979	0.00000
3983	0.00000
3987	0.00000
3991	0.00000
3995	0.00000
3999	0.00000
4003	0.00000
4007	0.00000
4011	0.00000
4015	0.00000
4019	0.00000
4023	0.00000
4027	0.00000
4031	0.00000
4035	0.00000
4039	0.00000
4043	0.00000
4047	0.00000
4051	0.00000
4055	0.00000
4059	0.00000
4063	0.00000
4067	0.00000
4071	0.00000
4075	0.00000
4079	0.00000
4083	0.18213
4087	0.36257
4091	0.67243
4095	0.62344
4099	0.27534
4103	0.18037
4107	0.00000
4111	0.42833
4115	0.27534
4119	0.00000
4123	0.00000
4127	0.00000
4131	0.00000
4135	0.00000
4139	0.00000
4143	0.00000
4147	0.00000
4151	0.00000
4155	0.00000
4159	0.00000
4163	0.00000
4167	0.00000
4171	0.00000
4175	0.00000
4179	0.00000
4183	0.00000
4187	0.00000
4191	0.00000
4195	0.00000
4199	0.00000
4203	0.00000
4207	0.04891
4211	0.43657
4215	0.51457
4219	0.33770
4223	0.57562
4227	0.35990
4231	0.07717
4235	0.00000
4239	0.00000
4243	0.00000
4247	0.00000
4251	0.00000
4255	0.00000
4259	0.00000
4263	0.00000
4267	0.00000
4271	0.00000
4275	0.00000
4279	0.00000
4283	0.00000
4287	0.00000
4291	0.00000
4295	0.00000
4299	0.00000
4303	0.00000
4307	0.00000
4311	0.00000
4315	-0.00000
4319	-0.73697
4323	-0.73697
4327	-0.73696
4331	-0.15200
4335	0.00000
4339	0.00000
4343	0.00000
4347	0.00000
4351	0.00000
4355	0.00000
4359	0.00000
4363	0.00000
4367	0.00000
4371	0.00000
4375	0.00000
4379	0.00000
4383	0.00000
4387	0.00000
4391	0.00000
4395	0.00000
4399	0.00000
4403	0.00000
4407	0.00000
4411	0.00000
4415	0.00000
4419	0.00000
4423	0.00000
4427	0.00000
4431	0.00000
4435	0.00000
4439	0.00000
4443	0.00000
4447	0.00000
4451	0.00000
4455	0.00000
4459	0.00000
4463	0.00000
4467	0.00000
4471	0.00000
4475	0.00000
4479	0.00000
4483	0.00000
4487	0.00000
4491	0.00000
4495	0.00000
4499	0.00000
4503	0.00000
4507	0.00000
4511	0.00000
4515	0.00000
4519	0.00000
4523	0.00000
4527	0.00000
4531	0.00000
4535	0.00000
4539	0.00000
4543	0.00000
4547	0.00000
4551	0.00000
4555	0.00000
4559	0.00000
4563	0.00000
4567	0.00000
4571	0.00000
4575	0.00000
4579	0.00000
4583	0.00000
4587	0.00000
4591	0.00000
4595	0.00000
4599	0.00000
4603	0.00000
4607	0.00000
4611	0.00000
4615	0.00000
4619	0.00000
4623	0.00000
4627	0.00000
4631	0.00000
4635	0.00000
4639	0.00000
4643	0.00000
4647	0.00000
4651	0.00000
4655	0.00000
4659	0.00000
4663	0.00000
4667	0.00000
4671	0.00000
4675	0.00000
4679	0.00000
4808	2.01791
4812	2.01791
4935	-1.28088
4939	-1.28088
6191	0.00000
6195	0.00000
6199	0.00000
6203	0.00000
6207	0.00000
6211	0.00000
6215	0.00000
6219	0.00000
6223	0.00000
6227	0.00000
6231	0.00000
6235	0.00000
6239	0.00000
6243	0.00000
6247	0.00000
6251	0.00000
6255	0.00000
6259	0.00000
6263	0.00000
6267	0.00000
6271	0.00000
6275	0.00000
6279	0.00000
6283	0.00000
6287	0.00000
6291	0.00000
6295	0.00000
6299	0.00000
6303	0.00000
6307	0.00000
6311	0.00000
6315	0.00000
6319	0.00000
6323	0.00000
6327	0.00000
6331	0.00000
6335	0.00000
6339	0.00000
6343	0.80039
6347	1.07923
6351	1.26303
6355	0.73696
6359	0.65486
6363	0.05404
6367	0.09051
6371	0.25526
6375	0.00000
6379	0.00000
6383	0.00000
6387	0.00000
6391	0.00000
6395	0.00000
6399	0.00000
6403	0.00000
6407	0.00000
6411	0.00000
6415	0.00000
6419	0.00000
6423	0.00000
6427	0.00000
6431	0.00000
6435	0.00000
6439	0.00000
6443	0.00000
6447	0.00000
6451	0.00000
6455	0.00000
6459	0.00000
6463	0.00000
6467	0.00000
6471	0.00000
6475	0.00000
6479	0.00000
6483	0.00000
6487	0.00000
6491	0.00000
6495	0.00000
6499	0.00000
6503	0.00000
6507	0.00000
6511	0.00000
6515	0.00000
6519	0.00000
6523	0.00000
6527	0.00000
6531	0.00000
6535	0.00000
6539	0.00000
6543	0.00000
6547	0.00000
6551	0.00000
6555	0.00000
6559	0.00000
6563	0.00000
6567	0.00000
6571	0.00000
6575	0.00000
6579	0.00000
6583	0.00000
6587	0.00000
6591	0.00000
6595	0.00000
6599	0.00000
6603	0.00000
6607	0.00000
6611	0.00000
6615	0.00000
6619	0.00000
6623	0.00000
6627	0.00000
6631	0.00000
6635	0.00000
6639	0.00000
6643	0.00000
6647	0.00000
6651	0.32193
6655	0.00000
6659	0.00000
6663	0.00000
6667	0.00000
6671	0.00000
6675	0.00000
6679	0.00000
6683	0.00000
6687	0.00000
6691	0.00000
6695	0.00000
6699	0.00000
6703	0.00000
6707	0.00000
6711	0.00000
6715	0.00000
6719	0.00000
6723	0.00000
6727	0.00000
6731	0.00000
6735	0.00000
6739	0.00000
6743	0.00000
6747	0.00000
6751	0.00000
6755	0.00000
6759	0.00000
6763	0.00000
6767	0.00000
6771	0.00000
6775	0.00000
6779	0.00000
6783	0.00000
6787	0.00000
6791	0.00000
6795	0.00000
6799	0.00000
6803	0.00000
6807	0.00000
6811	0.00000
6815	0.00000
6819	0.00000
6823	0.00000
6827	0.00000
6831	0.26303
6835	0.00000
6839	0.00000
6843	0.00000
6847	0.00000
6851	0.00000
6855	0.00000
6859	0.00000
6863	0.00000
6867	0.00000
6871	0.00000
6875	0.00000
6879	0.00000
6883	0.00000
6887	0.00000
6891	0.00000
6895	0.00000
6899	0.00000
6903	0.00000
6907	0.00000
6911	0.00000
6915	0.00000
6919	0.00000
6923	0.00000
6927	0.00000
6931	0.00000
6935	0.00000
6939	0.00000
6943	0.00000
6947	0.00000
6951	0.00000
6955	0.00000
6959	0.00000
6963	0.00000
6967	0.00000
6971	0.00000
6975	0.00000
6979	0.00000
6983	0.00000
6987	0.00000
6991	0.00000
6995	0.00000
6999	0.00000
7003	0.25376
7007	0.38060
7011	0.45568
7015	0.20053
7019	0.20163
7023	0.00000
7027	0.00000
7031	0.00000
7035	0.00000
7039	0.00000
7043	0.00000
7047	0.00000
7051	0.00000
7055	0.00000
7059	0.00000
7063	0.00000
7067	0.00000
7071	0.00000
7075	0.00000
7079	0.00000
7083	0.00000
7087	0.00000
7091	0.00000
7095	0.26460
7099	0.00000
7103	0.00000
7107	0.00000
7111	0.00000
7115	0.00000
7119	0.00000
7123	0.00000
7127	0.00000
7131	0.00000
7135	0.00000
7139	0.00000
7143	0.00000
7147	0.00000
7151	0.00000
7155	0.00000
7159	0.00000
7163	0.00000
7167	0.00000
7171	0.00000
7175	0.00000
7179	0.00000
7183	0.00000
7187	0.00000
7191	0.00000
7195	0.00000
7199	0.00000
7203	0.00000
7207	0.00000
7211	0.00000
7215	0.00000
7219	0.00000
7223	0.00000
7227	0.00000
7231	0.00000
7235	0.00000
7239	0.00000
7243	0.00000
7247	0.00000
7251	0.00000
7255	0.00000
7259	0.00000
7263	0.00000
7267	0.00000
7271	0.00000
7275	0.00000
7279	0.00000
7283	0.00000
7287	0.00000
7291	0.00000
7295	0.00000
7299	0.00000
7303	0.00000
7307	0.00000
7311	0.00000
7315	0.00000
7319	0.00000
7323	0.00000
7327	0.00000
7331	0.00000
7335	0.00000
7339	0.00000
7343	0.13700
7347	0.00000
7351	0.00000
7480	0.00000
7484	0.00000
7950	0.00000
7954	0.00000
7958	0.22741
7962	0.79970
7966	0.16267
7970	0.00000
7974	0.00000
7978	0.69188
7982	0.10309
7986	0.27563
7990	0.37037
7994	0.00000
7998	0.03699
8002	0.00000
8006	0.00000
8010	0.00000
8014	0.00000
8018	0.00000
8022	0.00000
8026	0.00000
8030	0.00000
8034	0.00000
8038	0.00000
8042	0.00000
8046	0.00000
8050	0.00000
8054	0.00000
8058	0.00000
8062	0.00000
8066	0.00000
8070	0.00000
8074	0.00000
8078	0.00000
8082	0.00000
8086	0.00000
8090	0.00000
8094	0.00000
8098	0.00000
8102	0.00000
8106	0.00000
8110	0.00000
8114	0.00000
8118	0.00000
8122	0.00000
8126	0.00000
8130	0.00000
8134	0.00000
8138	0.00000
8142	0.00000
8146	0.00000
8150	0.00000
8154	0.00000
8158	0.00000
8162	0.00000
8166	0.00000
8170	0.00000
8174	0.00000
8178	0.00000
8182	0.00000
8186	0.00000
8190	0.00000
8194	0.00000
8198	0.00000
8202	0.00000
8206	0.00000
8210	0.00000
8214	0.00000
8218	0.00000
8222	0.00000
8226	0.00000
8230	0.00000
8234	0.00000
8238	0.00000
8242	0.00000
8246	0.00000
8250	0.00000
8254	0.00000
8258	0.00000
8262	0.00000
8266	0.00000
8270	0.13326
8274	0.15754
8278	0.00000
8282	0.00000
8286	0.00000
8290	0.00000
8294	0.00000
8298	0.00000
8302	0.00000
8306	0.00000
8478	0.00000
8482	0.00000
8486	0.00000
8490	0.00000
8494	0.00271
8498	0.55800
8502	1.56986
8506	1.16247
8510	0.97461
8514	1.32193
8518	1.04850
8522	0.75169
8526	0.56857
8530	0.46248
8534	0.00000
8538	0.00000
8542	0.00000
8546	0.00000
8550	-0.22588
8554	0.00000
8558	-0.40096
8562	0.00000
8566	0.00000
8570	0.00000
8574	0.00000
8578	0.00000
8582	0.00000
8586	0.00000
8590	0.00000
8594	0.00000
8598	0.00000
8602	0.00000
8606	0.00000
8610	0.00000
8614	0.00000
8618	0.00000
8622	0.00000
8626	0.00000
8630	0.00000
8634	0.00000
8638	0.00000
8642	0.00000
8646	0.00000
8650	0.00000
8654	0.00000
8658	0.00000
8662	0.00000
8666	0.00000
8670	0.00000
8674	0.00000
8678	0.00000
8682	0.00000
8686	0.00000
8690	0.00000
8694	0.00000
8698	0.39961
8702	0.00000
8706	0.00000
8710	0.00000
8714	0.00000
8718	0.00000
8722	0.00000
8726	0.00000
8730	0.00000
8734	0.00000
8738	0.00000
8742	0.00000
8746	0.00000
8750	0.00000
8754	0.00000
8758	0.00000
8762	0.00000
8766	0.00000
8770	0.00000
8774	0.00000
8778	0.00000
8782	0.00000
8786	0.00000
8790	0.00000
8794	0.00000
8798	0.00000
8802	0.00000
8806	0.00000
8810	0.00000
8814	0.00000
8818	0.00000
8822	0.00000
8826	0.00000
8830	0.00000
8834	0.00000
8838	0.00000
8842	0.00000
8846	0.00000
8850	0.00000
8854	0.00000
8858	0.00000
8862	0.00000
8866	0.00000
8870	0.00000
8874	0.00000
8878	0.00000
8882	0.00000
8886	0.00000
8890	0.03847
8894	0.31259
8898	0.00000
8902	0.00000
8906	0.19264
8910	0.00000
8914	0.00000
8918	0.04731
8922	1.02553
8926	0.31342
8930	0.00000
8934	0.00000
8938	0.00000
8942	0.00000
8946	0.00000
8950	0.00000
8954	0.00000
8958	0.00000
8962	0.00000
8966	0.00000
8970	0.00000
8974	0.00000
8978	0.00000
8982	0.00000
8986	0.00000
8990	0.00000
8994	0.00000
8998	0.00000
9002	0.00000
9006	0.00000
9010	0.00000
9014	0.00000
9018	0.00000
9022	0.00000
9026	0.00000
9030	0.00000
9034	0.00000
9038	0.00000
9042	0.00000
9046	0.00000
9050	0.00000
9054	0.00000
9058	0.00000
9062	0.00000
9066	0.00000
9070	0.00000
9074	0.00000
9078	0.00000
9082	0.00000
9086	0.00000
9090	0.00000
9094	0.00000
9098	0.00000
9102	0.00000
9106	0.00000
9110	0.00000
9114	0.00000
9118	0.00000
9122	0.00000
9126	0.00000
9130	0.00000
9134	0.00000
9138	0.00000
9142	0.00000
9146	0.00000
9150	0.00000
9154	0.00000
9158	0.00000
9162	0.00000
9166	0.00000
9170	0.00000
9174	0.00000
9178	0.00000
9182	0.00000
9186	-0.10962
9190	0.00000
9194	0.00000
9198	0.00000
9202	0.00000
9206	0.00000
9210	0.00000
9214	0.00000
9218	0.00000
9222	0.00000
9226	0.00000
9230	0.00000
9234	0.00000
9238	0.00000
9242	0.00000
9246	0.00000
9250	0.00000
9254	0.00000
9258	0.00000
9262	0.00000
9266	0.00000
9270	0.00000
9274	0.00000
9278	0.00000
9282	0.00000
9286	0.00000
9290	0.00000
9294	0.00000
9298	0.00000
9302	0.00000
9306	0.00000
9310	0.00000
9314	0.00000
9318	0.00000
9322	0.00000
9326	0.00000
9330	0.00000
9334	0.00000
9338	0.00000
9342	0.00000
9346	0.00000
9350	0.00000
9354	0.00000
9358	0.00000
9362	0.00000
9366	0.00000
9370	0.00000
9374	0.00000
9378	0.00000
9382	0.00000
9386	0.00000
9390	0.00000
9394	0.00000
9398	0.00000
9402	0.00000
9406	0.00000
9410	0.00000
9414	0.00000
9418	0.00000
9422	0.00000
9426	0.00000
9430	0.00000
9434	0.00000
9438	0.18442
9442	0.22239
9446	0.58496
9450	0.58496
9454	0.59474
9458	0.58496
9462	0.41504
9466	0.58496
9470	0.38628
9474	0.00000
9478	0.00000
9482	0.00000
9486	0.00000
9490	0.00000
9494	0.00000
9498	0.00000
9502	0.00000
9506	0.00000
9510	0.00000
9514	0.00000
9518	0.00000
9522	0.00000
9526	0.00000
9530	0.00000
9534	0.00000
9538	0.00000
9542	0.00000
9546	0.00000
9550	0.00000
9554	0.00000
9558	0.00000
9562	0.00000
9566	0.00000
9570	0.00000
9574	0.00000
9578	0.00000
9582	0.00000
9586	0.00000
9590	0.00000
9594	0.00000
9598	0.00000
9602	-0.15136
9606	0.00000
9610	0.00000
9614	0.00000
9618	0.00000
9622	0.00000
9626	0.00000
9630	0.00000
9634	0.00000
9638	0.00000
9642	0.00000
9646	0.00000
9650	0.00000
9654	0.00000
9658	0.00000
9662	0.00000
9666	0.00000
9670	0.00000
9674	0.00000
9678	0.00000
9682	0.00000
9686	0.00000
9690	0.00000
9694	0.00000
9698	0.00000
9702	0.00000
9706	0.02037
9710	0.00000
9714	0.00000
9718	0.00000
9722	0.00000
9726	0.00000
9730	0.00000
9734	0.00000
9738	0.00000
9742	0.00000
9746	0.00000
9750	0.00000
9754	0.00000
9758	0.00000
9762	0.00000
9766	0.00000
9770	0.00000
9774	0.00000
9778	0.00000
9782	0.00000
9786	0.00000
9790	0.00000
9794	0.00000
9798	0.00000
9802	0.00000
9806	0.00000
9810	0.00000
9814	0.00000
9818	0.00000
9822	0.00000
9826	0.00000
9830	0.00000
9834	0.00000
9838	0.00000
9842	0.00000
9846	0.00000
9850	0.00000
9854	0.00000
9858	0.00000
9862	0.00000
9866	0.00000
9870	0.00000
9874	0.00000
9878	0.00000
9882	0.00000
9886	0.00000
9890	0.00000
9894	0.00000
9898	0.00000
9902	0.00000
9906	0.00000
9910	0.00000
9914	0.00000
9918	0.00000
9922	0.00000
9926	-0.26303
9930	0.00000
9934	0.00000
9938	0.00000
9942	0.00000
9946	0.00000
9950	0.00000
9954	0.00000
9958	0.00000
9962	0.00000
9966	0.00000
9970	0.00000
9974	0.00000
9978	0.00000
9982	0.00000
9986	0.00000
9990	0.00000
9994	0.00000
9998	0.00000
10002	0.00000
10006	0.00000
10010	0.00000
10014	0.00000
10018	0.00000
10022	0.09311
10026	0.00000
10030	0.00000
10034	0.00000
10038	0.00000
10042	0.00000
10046	0.00000
10050	0.00000
10054	0.00000
10058	0.00000
10062	0.00000
10066	0.00000
10070	0.00000
10074	0.00000
10078	0.00000
10082	-0.39626
10086	0.00000
10090	-0.55459
10094	-0.27208
10098	-0.58496
10102	-0.60823
10106	-0.38799
10110	-0.15033
10114	-0.01594
10118	0.00000
10122	0.00000
10126	0.00000
10130	0.00000
10134	0.00000
10138	0.00000
10142	0.00000
10146	0.00000
10150	0.00000
10154	0.00000
10158	0.00000
10162	0.00000
10166	0.00000
10170	0.00000
10174	0.00000
10178	0.00000
10182	0.00000
10186	0.00000
10190	0.00000
10194	0.00000
10198	0.00000
10202	0.00000
10206	0.00000
10210	0.00000
10214	0.00000
10218	0.00000
10222	0.00000
10226	0.00000
10230	0.00000
10234	0.00000
10238	0.00000
10242	0.00000
10246	0.00000
10250	0.00000
10254	0.00000
10258	0.00000
10262	0.00000
10266	0.00000
10270	0.00000
10274	0.00000
10278	0.00000
10282	0.00000
10286	0.00000
10290	0.00000
10294	0.00000
10298	0.00000
10302	0.00000
10306	0.00000
10310	0.00000
10314	0.00000
10318	0.00000
10322	0.00000
10326	0.00000
10330	0.00000
10334	0.00000
10338	0.00000
10342	0.00000
10346	0.00000
10350	-0.14852
10354	0.00000
10358	0.00000
10362	-0.14086
10366	-0.24936
10370	-0.58496
10374	-0.22239
10378	-0.12553
10382	0.00000
10386	0.00000
10390	0.00000
10394	0.00000
10398	0.00000
10402	0.00000
10406	0.00000
10410	0.00000
10414	0.00000
10418	0.00000
10422	0.00000
10426	0.00000
10430	-0.42223
10434	-0.33121
10438	-0.33121
10442	-0.24393
10446	0.00000
10450	0.00000
10454	0.00000
10458	0.00000
10462	0.00000
10466	0.00000
10470	0.00000
10474	0.00000
10478	0.00000
10482	0.00000
10486	0.00000
10490	0.00000
10494	0.00000
10498	0.00000
10502	0.00000
10506	0.00000
10510	0.00000
10514	0.00000
10518	0.00000
10522	0.00000
10526	0.51457
10530	1.20946
10534	1.09954
10538	1.20760
10542	1.81943
10546	2.20760
10550	2.40939
10554	1.58496
10558	1.25526
10562	0.90047
10566	0.84080
10570	0.00000
10574	0.00000
10578	0.00000
10582	0.00000
10586	0.00000
10590	0.00000
10594	0.00000
10598	0.00000
10602	0.00000
10606	0.00000
10610	0.00000
10614	0.00000
10618	0.00000
10622	0.00000
10626	0.00000
10630	0.00000
10634	0.00000
10638	0.00000
10642	0.00000
10646	0.00000
10650	0.00000
10654	0.00000
10658	0.00000
10662	0.00000
10666	0.00000
10670	0.00000
10674	0.19130
10678	0.00000
10682	0.00000
10686	0.00000
10690	0.00000
10694	0.00000
10698	0.00000
10702	0.00000
10706	0.15870
10710	0.41504
10714	0.00000
10718	0.27652
10722	0.00000
10726	0.00000
10730	0.00000
10734	0.00000
10738	0.00000
10742	0.00000
10746	0.00000
10750	0.00000
10754	0.00000
10758	0.00000
10762	-0.50479
10766	0.00000
10770	0.00000
10774	0.00000
10778	0.00000
10782	0.00000
10786	0.00000
10790	0.00000
10794	0.00000
10798	0.00000
10802	0.00000
10806	0.00000
10810	0.00000
10814	0.00000
10818	0.00000
10822	0.00000
10826	0.00000
10830	0.00000
10834	0.00000
10838	0.00000
10842	0.00000
10846	0.00000
10850	0.00000
10854	0.00000
10858	0.00000
10862	0.00000
10866	0.00000
10870	0.00000
10874	0.00000
10878	0.00000
10882	0.00000
10886	0.00000
10890	0.00000
10894	0.00000
10898	0.00000
10902	0.00000
10906	0.00000
10910	0.00000
10914	0.00000
10918	0.00000
10922	0.00000
10926	0.00000
10930	0.00000
10934	0.00000
10938	0.00000
10942	0.00000
10946	0.00000
10950	0.00000
10954	0.00000
10958	0.00000
10962	0.00000
10966	0.00000
10970	0.00000
10974	0.00000
10978	0.00000
10982	0.00000
10986	0.00000
10990	0.00000
10994	0.00000
10998	0.00000
11002	0.00000
11006	0.00000
11010	0.00000
11014	0.00000
11018	0.00000
11022	0.00000
11026	0.00000
11030	0.00000
11034	0.00000
11038	0.00000
11042	1.19794
11046	0.86673
11050	0.33560
11054	0.33442
11058	0.00000
11062	0.00000
11066	0.00000
11070	0.00000
11074	0.00000
11078	0.00000
11082	0.00000
11086	0.00000
11090	0.00000
11094	0.00000
11098	0.00000
11102	0.00000
11106	0.00000
11110	0.00000
11114	0.00000
11118	0.00000
11122	0.00000
11126	0.00000
11130	0.00000
11134	0.00000
11138	0.00000
11142	0.00000
11146	0.00000
11150	0.00000
11154	0.00000
11158	0.00000
11162	0.00000
11166	0.00000
11170	0.00000
11174	0.00000
11178	0.00000
11182	0.00000
11186	0.00000
11190	0.00000
11194	0.00000
11198	0.00000
11202	0.00000
11206	0.00000
11210	0.00000
11214	0.00000
11218	0.00000
11222	0.00000
11226	0.00000
11230	0.00000
11234	0.00000
11238	0.00000
11242	0.00000
11246	0.00000
11250	0.00000
11254	0.00000
11258	0.00000
11262	0.00000
11266	0.00000
11270	0.00000
11274	0.00000
11278	0.00000
11282	0.00000
11286	0.00000
11290	0.00000
11413	0.00000
11417	0.00000
11421	0.00000
11425	0.00000
11429	0.00000
11433	0.00000
11437	0.00000
11441	0.00000
11445	0.00000
11449	0.00000
11453	0.00000
11457	0.00000
11461	0.18057
11465	0.00000
11469	0.00000
11473	0.00000
11477	0.00000
11481	0.00000
11485	0.00000
11489	0.00000
11493	0.00000
11497	0.00000
11501	0.00000
11505	0.00000
11509	0.00000
11513	0.00000
11517	0.00000
11521	0.00000
11525	0.00000
11529	0.00000
11533	0.00000
11537	0.00000
11541	0.00000
11545	0.00000
11549	0.00000
11553	0.00000
11557	0.00000
11561	0.00000
11565	0.00000
11569	0.00000
11573	0.00000
11577	0.00000
11581	0.00000
11585	0.00000
11589	0.00000
11593	0.00000
11597	0.00000
11601	0.00000
11605	0.00000
11609	0.00000
11613	0.00000
11617	0.00000
11621	0.00000
11625	0.00000
11629	0.00000
11633	0.00000
11637	0.00000
11641	0.00000
11645	0.00000
11649	0.00000
11653	0.00000
11657	0.00000
11661	0.00000
11665	0.00000
11669	0.00000
11673	0.00000
11677	0.00000
11681	0.00000
11685	0.00000
11689	0.00000
11693	0.00000
11697	0.00000
11701	0.00000
11705	0.00000
11709	0.00000
11713	0.00000
11717	0.00000
11721	0.00000
11725	0.00000
11729	0.00000
11733	0.00000
11737	0.00000
11741	0.00000
11745	0.00000
11749	0.00000
11805	0.00000
11809	0.00000
11813	0.00000
11817	0.00000
11821	0.00000
11825	0.00000
11829	0.00000
11833	0.00000
11837	0.00000
11841	0.00000
11845	0.00000
11849	0.00000
11853	0.00000
11857	0.00000
11861	0.00000
11865	0.00000
11869	0.00000
11873	0.00000
11877	0.00000
11881	0.00000
11885	0.00000
11889	0.00000
11893	0.00000
11897	0.00000
11901	0.00000
11905	0.00000
11909	0.00000
11913	0.00000
11917	0.00000
11921	0.00000
11925	0.00000
11929	0.00000
11933	0.00000
11937	0.00000
11941	0.00000
11945	0.00000
11949	0.00000
11953	0.00000
11957	0.00000
11961	0.00000
11965	0.00000
11969	0.00000
11973	0.22239
11977	0.22239
11981	0.00000
11985	0.04610
11989	0.06510
11993	0.04610
11997	0.00000
12001	0.00000
12005	0.00000
12009	0.00000
12013	0.00000
12017	0.00000
12021	0.00000
12025	0.00000
12029	0.00000
12033	0.00000
12037	0.00000
12041	0.00000
12045	0.00000
12049	0.04093
12053	0.00000
12057	0.00000
12061	0.00000
12065	0.00000
12069	0.00000
12073	0.00000
12077	0.00000
12081	0.00000
12085	0.00000
12089	0.00000
12093	0.00000
12097	0.00000
12101	0.00000
12105	0.00000
12109	0.00000
12113	0.00000
12117	0.00000
12121	0.00000
12125	0.00000
12129	0.00000
12133	0.00000
12137	0.00000
12141	0.00000
12145	0.00000
12149	0.00000
12153	0.00000
12157	0.00000
12161	0.00000
12165	0.00000
12169	0.00000
12173	0.00000
12177	0.00000
12181	0.00000
12185	0.00000
12189	0.00000
12193	0.00000
12197	0.00000
12201	0.00000
12205	0.00000
12209	0.00000
12334	0.00000
12338	0.00000
12342	0.00000
12346	0.00000
12350	0.00000
12354	0.00000
12358	0.00000
12362	0.00000
12366	0.00000
12370	0.00000
12374	0.00000
12378	0.00000
12382	0.00000
12386	0.00000
12390	0.00000
12394	0.00000
12398	0.00000
12402	0.00000
12406	0.00000
12410	0.00000
12414	0.00000
12418	0.00000
12422	0.00000
12426	0.03037
12430	0.00000
12434	0.00000
12438	0.00000
12442	0.00000
12446	0.28951
12450	0.15200
12454	0.00000
12458	0.00000
12462	0.00000
12466	0.00000
12470	0.00000
12474	0.00000
12478	0.58496
12482	0.77761
12486	0.57258
12490	0.36018
12494	0.81943
12498	1.00000
12502	1.32193
12506	1.22239
12510	0.60942
12514	0.58496
12518	0.16273
12522	0.00000
12526	0.00000
12530	0.00000
12534	0.00000
12538	0.00000
12542	0.00000
12546	0.00000
12550	0.00000
12554	0.00000
12558	0.00000
12562	0.00000
12566	0.00000
12570	0.00000
12574	0.00000
12578	0.00000
12582	0.00000
12586	0.00000
12590	0.00000
12594	0.00000
12598	0.00000
12602	0.00000
12606	0.00000
12610	0.00000
12614	0.00000
12618	0.00000
12622	0.00000
12626	0.00000
12630	0.00000
12634	0.00000
12638	0.00000
12642	0.00000
12646	0.00000
12650	0.00000
12654	0.00000
12658	0.00000
12662	0.00000
12666	0.00000
12670	0.00000
12674	0.00000
12678	0.00000
12682	0.00000
12686	0.00000
12690	0.00000
12694	0.00000
12698	0.00000
12702	0.00000
12706	0.00000
12710	0.00000
12714	0.00000
12718	0.00000
12722	0.00000
12726	0.00000
12730	0.00000
12734	0.00000
12738	0.00000
12742	0.00000
12746	0.00000
12750	0.00000
12754	0.00000
12758	0.00000
12762	0.00000
12766	0.00000
12770	-0.33653
12774	0.00000
12778	0.00000
12782	0.00000
12786	0.00000
12790	0.00000
12794	0.00000
12798	0.00000
12802	0.00000
12806	0.00000
12810	0.00000
12814	0.00000
12818	0.00000
12822	0.00000
12826	0.00000
12830	0.00000
12834	0.00000
12838	0.00000
12842	0.00000
12846	0.00000
12850	0.00000
12854	0.00000
12858	0.00000
12862	0.00000
12866	0.00000
12870	0.00000
12874	0.00000
12878	0.00000
12882	0.00000
12886	0.00000
12890	0.00000
12894	0.00000
12898	0.00000
12902	0.00000
12906	0.09192
12910	0.00000
12914	0.00000
12918	0.00000
12922	0.00000
12926	0.00000
12930	0.00000
12934	0.00000
12938	0.00000
12942	0.00000
12946	0.00000
12950	0.00000
12954	0.00000
12958	0.03317
12962	0.00000
12966	0.00000
12970	0.00000
12974	0.00000
12978	0.00000
12982	0.00000
12986	0.00000
12990	0.00000
12994	0.00000
12998	0.00000
13002	0.00000
13006	0.00000
13010	0.00000
13014	0.02975
13018	0.00000
13022	0.00000
13026	0.00000
13030	0.00000
13034	0.00000
13038	0.09311
13042	0.00000
13046	0.00000
13050	0.00000
13054	0.00000
13058	0.00000
13062	0.00000
13066	0.31316
13070	0.00000
13074	0.00000
13078	0.00000
13082	0.00000
13086	0.00000
13090	0.00000
13094	0.00000
13098	0.00000
13102	0.00000
13106	0.00000
13110	0.00000
13114	0.00000
13118	0.00000
13122	0.00000
13126	0.00000
13130	0.00000
13134	0.00000
13138	0.00000
13142	0.00000
13146	0.00000
13150	0.00000
13154	0.00000
13158	0.00000
13162	0.00000
13166	0.00000
13170	0.00000
13174	0.00000
13178	0.00000
13182	0.00000
13186	0.00000
13190	0.00000
13194	0.00000
13198	0.00000
13202	0.00000
13206	0.00000
13210	0.00000
13214	0.00000
13218	0.35614
13222	0.45251
13226	0.83650
13230	0.55394
13234	0.00000
13238	0.00000
13242	0.00000
13246	0.00000
13250	0.00000
13254	0.00000
13258	0.00000
13262	0.00000
13266	0.00000
13270	0.00000
13274	0.00000
13278	0.00000
13282	0.22239
13286	0.22239
13290	0.58496
13294	0.73697
13298	0.80145
13302	0.74366
13306	0.73697
13310	0.48543
13314	0.00000
13318	0.00000
13322	0.41504
13326	0.00000
13330	0.00000
13334	0.00000
13338	0.00000
13342	0.00000
13346	0.00000
13350	0.00000
13354	0.00000
13358	0.00000
13362	0.00000
13366	0.00000
13370	0.00000
13374	0.00000
13378	0.00000
13382	0.00000
13386	0.00000
13390	0.00000
13394	0.00000
13398	0.00000
13402	0.00000
13406	0.00000
13410	0.00000
13414	0.00000
13418	0.00000
13422	0.00000
13426	0.00000
13430	0.00000
13434	0.00000
13438	0.00000
13442	0.00000
13446	0.00000
13450	0.00000
13454	0.00000
13458	0.00000
13462	0.00000
13466	0.00000
13470	0.00000
13474	0.00000
13478	0.00000
13482	0.00000
13486	0.00000
13490	0.00000
13494	0.00000
13498	0.00000
13502	0.00000
13506	0.00000
13510	0.00000
13514	0.00000
13518	0.00000
13522	0.00000
13526	0.00000
13530	0.00000
13534	0.06413
13538	0.00000
13542	0.00000
13546	0.00000
13550	0.00000
13554	0.00000
13558	0.00000
13562	0.00000
13566	0.00000
13570	0.00000
13574	0.00000
13578	0.00000
13582	0.00000
13586	0.00000
13590	0.00000
13594	0.00000
13598	0.00000
13602	0.00000
13606	0.00000
13610	0.00000
13614	0.00000
13618	0.00000
13622	0.00000
13626	0.00000
13630	0.00000
13634	0.00000
13638	0.00000
13642	0.00000
13646	0.00000
13650	0.00000
13654	0.00000
13658	0.00000
13662	0.00000
13666	0.00000
13670	0.00000
13674	0.00000
13678	0.00000
13682	0.00000
13686	0.00000
13690	0.00000
13694	0.00000
13698	0.00000
13702	0.00000
13706	0.00000
13710	0.00000
13714	0.00000
13718	0.00000
13722	0.00000
13726	0.00000
13730	0.00000
13734	0.00000
13738	0.00000
13742	0.00000
13746	0.00000
13750	0.00000
13754	0.00000
13758	0.00000
13762	0.00000
13766	0.00000
13770	0.00000
13774	0.00000
13778	0.00000
13782	0.00000
13786	0.00000
13790	0.00000
13794	0.00000
13798	0.00000
13802	0.00000
13806	0.00000
13810	0.00000
13814	0.00000
13818	0.58496
13822	0.00000
13826	0.32805
13830	0.41504
13834	0.00000
13838	0.00000
13842	0.00000
13846	0.00000
13850	0.00000
13854	0.00000
13858	0.00000
13930	0.00000
13934	0.00000
13938	0.00000
13942	0.00000
13946	0.00000
13950	0.00000
13954	0.00000
13958	0.00000
13962	0.00000
13966	0.00000
13970	0.00000
13974	0.00000
13978	0.00000
13982	0.00000
13986	0.00000
13990	0.00000
13994	0.00000
13998	0.00000
14002	0.00000
14006	0.00000
14010	0.00000
14014	0.00000
14018	0.66482
14022	1.21105
14026	1.00000
14030	0.41504
14034	0.41504
14038	0.12553
14042	0.00000
14046	0.00000
14050	0.00000
14054	0.00000
14058	0.00000
14062	0.00000
14066	0.00000
14070	0.00000
14074	0.00000
14078	0.00000
14082	0.00000
14086	0.00000
14090	0.00000
14094	0.00000
14098	0.00000
14102	0.00000
14106	0.00000
14110	0.00000
14114	0.00000
14118	0.00000
14122	0.00000
14126	0.00000
14130	0.00000
14134	0.00000
14138	0.01862
14142	0.00000
14146	0.09020
14150	0.00000
14154	0.00000
14158	0.00000
14162	0.00000
14166	0.00000
14170	0.00000
14174	0.00000
14178	0.00000
14182	0.00000
14186	0.00000
14190	0.00000
14194	0.00000
14198	0.00000
14202	0.00000
14206	0.00000
14210	0.00000
14214	0.00000
14218	0.00000
14222	0.00000
14226	0.00000
14230	0.00000
14234	0.00000
14238	0.00000
14242	0.00000
14246	0.00000
14250	0.00000
14254	0.00000
14258	0.00000
14262	0.41504
14266	0.14086
14270	0.00000
14274	0.00000
14278	0.00000
14282	0.00000
14286	0.00000
14290	0.00000
14294	0.00000
14298	0.00000
14302	0.00000
14306	0.00000
14310	0.00000
14314	0.00000
14318	0.00000
14322	0.00000
14326	0.00000
14330	0.00000
14334	0.00000
14338	0.00000
14342	0.00000
14346	0.00000
14350	0.00000
14354	0.00000
14358	0.00000
14362	0.00000
14366	0.00000
14370	0.00000
14374	0.00000
14378	0.00000
14382	0.00000
14386	0.00000
14390	0.00000
14394	0.00000
14398	0.00000
14630	2.07235
14634	1.78319
14638	0.22122
14642	0.00000
14646	0.00000
14650	0.00000
14654	0.00000
14658	0.00000
14662	0.00000
14666	0.00000
14670	0.00000
14674	0.00000
14678	0.00000
14682	0.00000
14686	0.00000
14690	0.00000
14694	0.00000
14698	0.00000
14702	0.00000
14706	0.00000
14710	0.00000
14714	0.00000
14718	0.00000
14722	0.00000
14726	0.00000
14730	0.00000
14734	0.00000
14738	0.00000
14742	0.00000
14746	0.00000
14750	0.00000
14754	0.00000
14758	0.00000
14762	0.00000
14766	0.00000
14770	0.00000
14774	0.00000
14778	0.00000
14782	0.00000
14786	0.00000
14790	0.00000
14794	0.00000
14798	0.00000
14802	0.00000
14806	0.00000
14810	0.00000
14814	0.00000
14818	0.00000
14822	0.00000
14826	0.00000
14830	0.00000
14834	0.00000
14838	0.00000
14842	0.00000
14846	0.00000
14850	0.00000
14854	0.00000
14858	0.00000
14862	0.00000
14866	0.00000
14870	0.00000
14874	0.00000
14878	0.00000
14882	0.00000
14886	0.00000
14890	0.00000
14894	0.00000
14898	0.00000
14902	0.00000
14906	0.00000
14910	0.00000
14914	0.00000
14918	0.00000
14922	0.00000
14926	0.00000
14930	0.00000
14934	0.00000
14938	0.00000
14942	0.00000
14946	0.00000
14950	0.00000
14954	0.00000
14958	0.00000
14962	0.00000
14966	0.00000
14970	0.00000
14974	0.00000
14978	0.00000
14982	0.00000
14986	0.00000
14990	0.00000
14994	0.00000
14998	0.00000
15002	0.00000
15006	0.00000
15010	0.00000
15014	0.00000
15018	0.00000
15022	0.00000
15026	0.00000
15030	0.00000
15034	0.00000
15038	0.00000
15042	0.00000
15046	0.00000
15050	0.00000
15054	0.00000
15058	0.00000
15062	0.00000
15066	0.00000
15070	0.00000
15074	0.00000
15078	0.00000
15082	0.00000
15086	0.00000
15090	0.00000
15094	0.00000
15098	0.00000
15102	0.00000
15106	0.00000
15110	0.00000
15114	0.00000
15118	0.00000
15122	0.00000
15126	0.00000
15130	0.15200
15134	0.00000
15138	0.00000
15142	0.00000
15146	0.00000
15150	0.00000
15154	0.00000
15158	0.22239
15162	0.00000
15166	0.00000
15170	0.00000
15174	0.00000
15178	0.00000
15182	0.00000
15186	0.00000
15190	0.00000
15194	0.00000
15198	0.00000
15202	0.00000
15206	0.00000
15210	0.00000
15214	0.00000
15218	0.00000
15222	0.00000
15226	0.00000
15230	0.00000
15234	0.00000
15238	0.00000
15242	0.00000
15246	0.00000
15250	0.00000
15254	0.00000
15258	0.00000
15262	0.00000
15266	0.00000
15270	0.00000
15274	0.00000
15278	0.00000
15282	0.00000
15286	0.00000
15290	0.00000
15294	0.00000
15298	0.00000
15302	0.00000
15306	0.00000
15310	0.00000
15314	0.00000
15318	0.00000
15322	0.00000
15326	0.00000
15330	0.00000
15334	0.00000
15338	0.00000
15342	0.00000
15346	0.00000
15350	0.00000
15354	0.00000
15358	0.00000
15362	0.00000
15366	0.00000
15370	0.00000
15374	0.00000
15378	0.00000
15382	0.00000
15386	0.00000
15390	0.00000
15394	0.00000
15398	0.00000
15402	0.00000
15406	0.00000
15410	0.00000
15414	0.00000
15418	0.00000
15541	0.00000
15545	0.00000
15549	0.00000
15553	0.00000
15983	0.00000
15987	0.00000
15991	0.00000
15995	0.00000
15999	0.00000
16003	0.00000
16007	0.00000
16011	0.00000
16015	0.00000
16019	0.00000
16023	0.00000
16027	0.00000
16031	0.00000
16035	0.00000
16039	0.00000
16043	0.00000
16047	0.00000
16051	0.00000
16055	0.00000
16059	0.00000
16063	0.00000
16067	0.00000
16071	0.00000
16075	0.00000
16079	0.00000
16083	0.00000
16087	0.00000
16091	0.00000
16095	0.00000
16099	0.00000
16103	0.00000
16107	0.00000
16111	0.00000
16115	0.00000
16119	0.00000
16123	0.00000
16127	0.00000
16131	0.00000
16135	0.00000
16139	0.00000
16143	0.00000
16147	0.00000
16151	0.00000
16155	0.00000
16159	0.00000
16163	0.00000
16167	0.00000
16171	0.00000
16175	0.00000
16179	0.00000
16183	0.00000
16187	0.00000
16191	0.00000
16195	0.00000
16199	0.00000
16203	0.00000
16207	0.00000
16211	0.00000
16215	0.00000
16219	0.00000
16223	0.00000
16227	0.00000
16349	0.87896
16353	0.67138
16357	0.06353
16361	0.39232
16365	0.00000
16369	0.00000
16373	0.00000
16377	0.00000
16381	0.00000
16385	0.00000
16389	0.00000
16393	0.00000
16397	0.00000
16401	0.00000
16405	0.00000
16409	0.00000
16413	0.00000
16417	0.00000
16421	0.00000
16425	0.00000
16429	0.00000
16433	0.00000
16437	0.00000
16441	0.24189
16445	0.09311
16449	0.00000
16453	0.00000
16457	0.00000
16461	0.00000
16465	0.00000
16469	0.00000
16473	0.00000
16477	0.00000
16481	0.00000
16485	0.00000
16489	0.00000
16493	0.00000
16497	0.00000
16501	0.00000
16505	0.00000
16509	0.00000
16513	0.00000
16517	0.34792
16521	1.22239
16525	0.41504
16529	0.38187
16533	0.00000
16537	0.00000
16541	0.00000
16545	0.00000
16549	0.00000
16553	0.00000
16557	0.00000
16561	-0.15673
16565	-0.80735
16569	-0.14756
16573	-0.65467
16577	-0.28863
16581	-0.24793
16585	-0.09954
16589	0.00000
16593	0.00000
16597	0.00000
16601	0.00000
16605	0.00000
16609	0.05445
16613	0.00000
16617	0.22239
16621	0.36773
16625	0.48543
16629	0.85940
16633	0.59212
16637	0.63227
16641	0.52893
16645	0.38941
16649	0.00000
16653	0.00000
16657	0.00000
16661	0.02308
16665	0.19931
16669	0.00000
16673	0.00000
16677	0.00000
16681	0.00000
16685	0.00000
16689	0.58496
16693	1.28951
16697	2.02945
16701	1.47393
16705	1.47393
16709	1.37084
16713	1.49292
17095	1.08732
17099	1.08732
17227	0.00000
17231	0.00000
17235	0.00000
17239	0.00000
17243	0.00000
17247	0.00000
17251	0.00000
17255	0.00000
17259	0.16711
17263	0.07400
17267	0.39993
17271	0.27830
17275	0.33121
17279	0.00000
17283	0.58496
17287	0.00000
17291	0.00000
17295	0.00000
17299	0.00000
17303	0.00000
17307	0.00000
17311	0.00000
17315	0.00000
17319	0.00000
17323	0.00000
17327	0.00000
17331	0.00000
17335	0.00000
17339	0.00000
17343	0.00000
17347	0.00000
17351	0.00000
17355	0.00000
17359	0.00000
17363	0.00000
17367	0.00000
17371	0.00000
17375	0.00000
17379	0.00000
17383	0.00000
17387	0.00000
17391	0.00000
17395	0.00000
17399	0.00000
17403	0.00000
17407	0.00000
17411	0.00000
17415	0.00000
17419	0.00000
17423	0.00000
17427	0.00000
17431	0.00000
17435	0.00000
17439	0.00000
17443	0.00000
17447	0.00000
17451	0.00000
17455	0.00000
17459	0.00000
17463	0.00000
17467	0.00000
17471	0.00000
17475	0.00000
17479	0.00000
17483	0.00000
17487	0.00000
17491	0.00000
17495	0.00000
17499	0.00000
17503	0.00000
17507	0.00000
17511	0.00000
17515	0.00000
17519	0.00000
17523	0.00000
17527	0.00000
17531	0.00000
17535	0.00000
17539	0.00000
17543	0.00000
17547	0.00000
17551	0.00000
17555	0.00000
17559	0.00000
17563	0.00000
17567	0.00000
17571	0.00000
17575	0.00000
17579	0.00000
17583	0.00000
17587	0.00000
17591	0.00000
17595	0.00000
17599	0.00000
17603	0.00000
17607	0.00000
17611	0.00000
17615	0.00000
17619	0.00000
17623	0.00000
17627	0.00000
17631	0.00000
17635	0.00000
17639	0.00000
17643	0.00000
17647	0.00000
17651	0.00000
17655	0.00000
17659	0.00000
17663	0.00000
17667	0.00000
17671	0.00000
17675	0.00000
17679	0.00000
17683	0.00000
17687	0.00000
17691	0.00000
17695	0.00000
17699	0.00000
17703	0.00000
17707	0.00000
17711	0.00000
17715	0.00000
17719	0.00000
17723	0.00000
17727	0.00000
17731	0.00000
17735	0.00000
17739	0.33817
17743	0.54253
17747	0.00000
17751	0.20436
17755	0.00000
17759	0.00000
17763	0.00000
17767	0.00000
17771	0.00000
17775	0.00000
17779	0.00000
17783	0.00000
17787	0.00000
17791	0.00000
17795	0.00000
17799	0.00000
17803	0.00000
17807	0.00000
17811	0.00000
17815	0.00000
17819	0.00000
17823	0.00000
17827	0.00000
17831	0.00000
17835	0.00000
17839	0.00000
17843	0.00000
17847	0.00000
17851	0.00000
17855	0.00000
17859	0.00000
17863	0.00000
17867	0.00000
17871	0.00000
17875	0.00000
17879	0.00000
17883	0.00000
17887	0.00000
17891	0.00000
17895	0.00000
17899	0.00000
17903	0.00000
17907	0.00000
17911	0.00000
17915	0.00000
17919	0.00000
17923	0.00000
17927	0.00000
17931	0.00000
17935	0.00000
17939	0.00000
17943	0.00000
17947	0.00000
17951	0.00000
17955	0.00000
17959	0.00000
17963	0.00000
17967	0.00000
17971	0.00000
17975	0.00000
17979	0.00000
17983	0.00000
17987	0.00000
17991	0.00000
17995	0.00000
17999	0.00000
18003	0.42968
18007	0.83494
18011	0.73697
18015	0.09020
18019	0.00000
18023	0.39046
18027	0.00000
18031	0.00000
18035	0.00000
18039	0.00000
18043	0.00000
18047	0.00000
18051	0.00000
18055	0.00000
18059	0.00000
18063	0.00000
18067	0.00000
18071	0.00000
18075	0.00000
18079	0.00000
18083	0.00000
18087	0.00000
18091	0.00000
18095	0.00000
18099	0.00000
18103	0.00000
18107	0.00000
18111	0.00000
18115	0.08246
18119	0.77954
19138	0.63340
19142	0.63340
19146	0.63340
19150	0.63340
19154	0.63340
19158	0.63340
19280	1.43777
19284	0.82491
19288	0.00000
19292	0.00000
19296	0.00000
19300	0.00000
19304	0.00000
19308	0.00000
19312	0.00000
19316	0.00000
19320	0.00000
19324	0.00000
19328	0.00000
19332	0.00000
19336	0.00000
19340	0.00000
19344	0.00000
19348	0.00000
19352	0.00000
19356	0.00000
19360	0.00000
19364	0.00000
19368	0.00000
19372	0.00000
19376	0.00000
19380	0.00000
19384	0.00000
19388	0.00000
19392	0.00000
19396	0.00000
19637	0.00000
19641	0.00000
19645	0.00000
19649	0.00000
19653	0.00000
19657	0.00000
19661	0.00000
19665	0.00000
19669	0.00000
19795	0.48966
19799	0.48794
19803	0.00000
19807	0.00000
19811	0.00000
19815	0.00000
19819	0.00000
19823	0.00000
19827	0.00000
19831	0.00000
19835	0.00000
19839	0.00000
19843	0.00000
19847	0.00000
19851	0.00000
19855	0.00000
19859	0.00000
19863	0.00000
19867	0.00000
19871	0.00000
19875	0.60572
19879	0.19526
19883	0.00000
19887	0.57851
19891	0.80735
19895	1.09111
19899	1.13445
19903	0.74919
19907	0.85527
19911	0.81193
19915	0.71760
19919	0.78066
19923	0.56188
19927	0.23607
19931	0.38247
19935	0.19931
19939	0.17403
19943	0.00000
19947	0.46949
19951	0.00000
19955	0.00000
19959	0.00000
19963	0.00000
19967	0.00000
19971	0.00000
19975	0.00000
19979	0.00000
19983	0.00000
19987	0.00000
19991	0.00000
19995	0.00000
19999	0.00000
20003	0.00000
20007	0.00000
20011	0.00000
20015	0.00000
20019	0.00000
20023	0.00000
20027	0.00000
20031	0.00000
20035	0.00000
20039	0.00000
20043	0.41504
20047	0.01707
20051	0.41213
20055	0.25277
20059	0.47603
20063	0.41504
20067	0.34792
20071	0.00000
20075	0.00000
20079	0.00000
20083	0.00000
20087	0.00000
20091	0.00000
20095	0.00000
20099	0.00000
20103	0.00000
20107	0.00000
20111	0.00000
20115	0.00000
20119	0.25526
20123	0.20645
20127	0.00000
20131	0.00000
20135	0.00000
20139	0.00000
20143	0.00000
20147	0.00000
20151	0.00000
20155	0.00000
20159	0.00000
20282	0.00000
20286	0.00000
20290	0.00000
20294	0.00000
20298	0.00000
20302	0.00000
20306	0.00000
20310	0.00000
20314	0.00000
20318	0.00000
20322	0.00000
20326	0.00000
20455	0.00000
20459	0.00000
20463	0.00000
20467	0.00000
20471	0.00000
20475	0.00000
20479	0.00000
20483	0.00000
20487	0.00000
20491	0.00000
20495	0.00000
20499	0.00000
20503	0.00000
20507	0.00000
20511	0.00000
20515	0.00000
20519	0.00000
20523	0.00000
20527	0.00000
20531	0.00000
20535	0.00000
20539	0.00000
20543	0.00000
20547	0.00000
20551	0.00000
20555	0.00000
20559	0.00000
20563	0.00000
20567	0.00000
20571	0.00000
20575	0.00000
20579	0.00000
20635	0.00000
20639	0.00000
20643	0.00000
20647	0.00000
20651	0.00000
20655	0.00000
20659	0.00000
20663	0.00000
20667	0.00000
20671	0.00000
20675	0.00000
20679	0.00000
20683	0.00000
20687	0.00000
20691	0.00000
20695	0.00000
20699	0.00000
20703	0.00000
20707	0.00000
20711	0.00000
20715	0.00000
20719	0.00000
20723	0.36923
20727	0.00000
20731	0.00000
20735	0.00000
20739	0.00000
20743	0.00000
20747	0.00000
20751	0.00000
20755	0.00000
20759	0.00000
20763	0.00000
20767	0.00000
20771	0.00000
21156	0.43285
21160	0.43285
21396	0.00000
21400	0.00000
21404	0.00000
21408	0.00000
21412	0.00000
21416	0.00000
21420	0.00000
21424	0.00000
21428	0.00000
21432	0.00000
21436	0.00000
21440	0.00000
21444	0.00000
21448	0.00000
21452	0.00000
21456	0.00000
21460	0.00000
21464	0.00000
21468	0.00000
21472	0.00000
21476	0.00000
21480	0.00000
21484	0.00000
21488	0.00000
21492	0.00000
21496	0.00000
21500	0.00000
21504	0.00000
21508	0.00000
21512	0.00000
21516	0.00000
21520	0.00000
21524	0.00000
21528	0.00000
21532	0.00000
21536	0.00000
21540	0.00000
21544	0.00000
21548	0.00000
21552	0.00000
21556	0.00000
21560	0.00000
21564	0.00000
21568	0.00000
21572	0.00000
21576	0.00000
21580	0.00000
21584	0.00000
21588	0.00000
21592	0.00000
21596	0.00000
21600	0.00000
21604	0.00000
21608	0.00000
21612	0.00000
21616	0.00000
21620	0.00000
21624	0.00000
21628	0.00000
21632	0.00000
21636	0.00000
21640	0.00000
21644	0.00000
21648	0.00000
21652	0.00000
21656	0.00000
21660	0.00000
21664	0.00000
21668	0.00000
21672	0.00000
21676	0.00000
21680	0.00000
22128	0.00000
22132	0.10236
22136	0.40600
22140	0.62902
22144	0.21065
22148	0.00000
22152	0.00000
22156	0.00000
22160	0.00000
22164	0.00000
22168	0.00000
22172	0.00000
22176	0.00000
22180	0.00000
22184	0.00000
22188	0.00000
22192	0.00000
22196	0.00000
22200	0.00000
22204	0.00000
22208	0.00000
22212	0.00000
22495	0.00000
22499	0.00000
22503	0.00000
22507	0.00000
22511	0.00000
22515	0.00000
22519	0.00000
22523	0.00000
22648	0.63854
22652	0.63854
22777	0.55217
22781	0.55217
22904	-0.76020
22908	-0.76020
23030	0.00000
23034	0.00000
23038	0.00000
23042	0.00000
23046	0.00000
23050	0.00000
23054	0.00000
23058	0.00000
23062	0.00000
23066	0.00000
23070	0.00000
23074	0.00000
23078	0.00000
23082	0.79603
23086	1.31034
23090	1.61350
23094	1.62293
23098	2.35047
23226	0.52007
23230	0.52007
23234	0.52007
23238	0.52007
23362	0.00000
23366	0.00000
23787	-0.08175
23791	0.00000
23795	0.00000
23799	0.00000
23803	0.00000
23807	0.00000
23811	0.00000
23815	0.00000
23819	0.00000
23823	0.00000
23827	0.00000
23831	0.00000
23835	0.00000
23839	0.00000
23843	0.00000
23847	0.00000
23851	0.00000
23855	0.00000
23859	0.00000
23863	0.00000
23867	0.00000
23871	0.00000
23875	0.00000
23879	0.00000
23883	0.00000
23887	0.00000
23891	0.00000
23895	0.00000
23899	0.00000
23903	0.00000
23907	0.00000
23911	0.00000
23915	0.00000
23919	0.00000
23923	0.00000
23927	0.00000
23931	0.00000
23935	0.00000
23939	0.00000
23943	0.00000
23947	0.00000
23951	0.00000
23955	0.00000
23959	0.00000
23963	0.00000
23967	0.00000
23971	0.00000
23975	0.00000
23979	0.00000
23983	0.00000
23987	0.00000
23991	0.00000
23995	0.00000
23999	0.00000
24003	0.00000
24007	0.00000
24011	0.00000
24015	0.00000
24019	0.00000
24023	0.00000
24027	0.00000
24031	0.00000
24035	0.00000
24039	0.00000
24043	0.00000
24047	0.00000
24051	0.00000
24055	0.00000
24059	0.00000
24063	-0.37656
24067	-0.33949
24071	-0.16665
24075	-0.63559
24079	-1.07179
24083	-1.58496
24087	-0.33949
24091	0.00000
24095	0.00000
24099	0.00000
24103	0.00000
24107	0.00000
24111	0.00000
24115	0.00000
24119	0.04417
24123	0.00000
24127	0.00000
24131	0.00000
24135	0.00000
24139	0.00000
24143	0.58496
24147	0.13327
24151	0.39593
24155	0.00000
24159	0.00000
24163	0.00000
24167	0.00000
24171	0.00000
24175	0.00000
24179	0.00000
24183	0.00000
24187	0.00000
24191	0.00000
24195	0.00000
24199	0.00000
24203	0.00000
24207	0.00000
24211	0.00000
24215	0.00000
24219	0.00000
24223	0.00000
24227	0.00000
24231	0.00000
24235	0.00000
24239	0.00000
24243	0.00000
24247	0.00000
24251	0.00000
24255	0.00000
24259	0.00000
24263	0.00000
24267	0.22239
24271	0.39961
24275	0.58496
24279	0.64181
24283	0.55570
24287	0.00000
24291	0.00000
24295	0.00000
24299	0.00000
24303	0.00000
24307	0.00000
24311	0.00000
24315	0.00000
24319	0.00000
24323	0.00000
24327	0.00000
24331	0.00000
24335	0.00000
24339	0.00000
24343	0.00000
24347	0.00000
24351	0.00000
24355	0.00000
24359	0.00000
24363	0.00000
24367	0.00000
24371	0.00000
24375	0.00000
24379	0.00000
24383	0.00000
24387	0.06413
24391	0.00000
24395	0.00000
24399	0.00000
24403	0.40210
24407	0.17779
24411	0.00000
24415	0.00000
24541	0.12172
24545	0.12172
24549	0.12172
24553	0.12172
24783	0.00000
24787	0.00000
24791	0.00000
24795	0.00000
24799	0.00000
24803	0.00000
24807	0.00000
24811	0.00000
24815	0.00000
24819	0.00000
24823	0.00000
24827	0.00000
24831	0.00000
24835	0.00000
24839	0.00000
24843	0.00000
24847	0.00000
24851	0.00000
24855	0.00000
24859	0.00000
24863	0.00000
24867	0.00000
24871	0.00000
24875	0.00000
24879	0.00000
24883	0.00000
24887	0.00000
24891	0.00000
24895	0.00000
24899	0.00000
24903	0.00000
24907	0.00000
24911	0.00000
24915	0.00000
24919	0.00000
24923	0.00000
24927	0.46632
24931	0.00000
24935	0.00000
24939	0.00000
24943	0.00000
24947	0.00000
24951	0.00000
24955	0.00000
24959	0.00000
24963	0.00000
24967	0.00000
24971	0.00000
24975	0.00000
24979	0.00000
24983	0.00000
24987	0.00000
24991	0.00000
24995	0.00000
24999	0.00000
25003	0.00000
25007	0.00000
25011	0.00000
25015	0.00000
25019	0.00000
25023	0.00000
25027	0.00000
25031	0.00000
25035	0.00000
25039	0.00000
25043	0.00000
25047	0.00000
25051	0.00000
25055	0.00000
25059	0.00000
25063	0.00000
25067	0.00000
25071	0.00000
25075	0.00000
25079	0.00000
25083	0.00000
25087	0.00000
25091	0.00000
25095	0.00000
25099	0.00000
25103	0.00000
25107	0.00000
25111	0.00000
25115	0.00000
25119	0.00000
25123	0.00000
25127	0.00000
25131	0.00000
25135	0.00000
25139	0.00000
25143	0.00000
25147	0.00000
25151	0.00000
25155	0.00000
25159	0.09818
25163	0.00000
25167	0.00000
25171	0.00000
25175	0.16976
25179	0.00000
25183	0.00000
25187	0.00000
25191	0.00000
25195	0.00000
25199	0.00000
25203	0.00000
25207	0.00000
25211	0.00000
25215	0.00000
25219	0.00000
25223	0.00000
25227	0.00000
25231	0.00000
25235	0.00000
25239	0.00000
25243	0.00000
25247	0.07400
25251	0.58496
25255	1.12433
25259	0.41504
25263	1.12433
25267	0.96153
25271	0.58496
25275	0.41504
25279	0.00000
25283	0.41504
25287	0.71926
25291	0.00000
25295	0.00000
25299	0.00000
25303	0.00000
25307	0.00000
25311	0.00000
25315	0.00000
25319	0.00000
25323	0.00000
25327	0.00000
25331	0.00000
25335	0.00000
25339	0.00000
25343	0.00000
25347	0.00000
25351	0.00000
25355	0.00000
25359	0.00000
25363	0.00000
25367	0.00000
25371	0.00000
25375	0.00000
25379	0.00000
25383	0.00000
25387	0.00000
25391	0.00000
25395	0.00000
25399	0.00000
25403	0.00000
25407	0.00000
25411	0.00000
25415	0.00000
25419	0.00000
25423	0.00000
25427	0.00000
25431	0.00000
25435	0.00000
25439	0.00000
25443	0.00000
25447	0.00000
25451	0.00000
25455	0.00000
25459	0.00000
25463	0.00000
25467	0.00000
25471	0.00000
25475	0.00000
25479	0.00000
25483	0.00000
25487	0.00000
25491	0.00000
25495	0.00000
25499	0.00000
25503	0.00000
25507	0.00000
25511	0.00000
25515	0.00000
25519	0.00000
25523	0.00000
25527	0.00000
25531	0.00000
25535	0.00000
25539	0.00000
25543	0.00000
25547	0.00000
25551	0.00000
25555	0.00000
25559	0.00000
25563	0.00000
25567	0.00000
25571	0.00000
25575	0.00000
25579	0.00000
25583	0.00000
25587	0.00000
25591	0.00000
25595	0.00000
25599	0.00000
25603	0.00000
25607	0.00000
25611	0.00000
25615	0.00000
25619	0.00000
25623	0.00000
25627	0.00000
25631	0.00000
25635	0.00000
25639	0.00000
25643	0.00000
25647	0.00000
25651	0.00000
25655	0.00000
25659	0.00000
25663	0.00000
25667	0.00000
25671	0.00000
25675	0.00000
25679	0.00000
25683	0.00000
25687	0.00000
25691	0.00000
25695	0.00000
25699	0.00000
25703	0.00000
25707	0.00000
25711	0.00000
25715	0.00000
25719	0.00000
25723	0.00000
25727	0.00000
25731	0.00000
25735	0.00000
25739	0.00000
25743	0.00000
25747	0.00000
25751	0.00000
25755	0.00000
25759	0.00000
25763	0.00000
25767	0.00000
25771	0.00000
25775	0.00000
25779	0.00000
25783	0.00000
25787	0.00000
25791	0.00000
25795	0.00000
25799	0.00000
25803	0.00000
25807	0.00000
25811	0.00000
25815	0.00000
25819	0.00000
25823	0.00000
25827	0.00000
25831	0.00000
25835	0.00000
25839	0.00000
25843	0.00000
25847	0.00000
25851	0.00000
25855	0.00000
25859	0.00000
25863	0.00000
25867	0.00000
25871	0.00000
25875	0.00000
25879	0.00000
25883	0.00000
25887	0.00000
25891	0.00000
25895	0.00000
25899	0.00000
25903	0.00000
25907	0.00000
25911	0.00000
25915	0.00000
25919	0.00000
26397	0.00000
26401	0.00000
26405	0.00000
26409	0.00000
26413	0.00000
26417	0.00000
26421	0.00000
26425	0.00000
26429	0.00000
26433	0.00000
26437	0.00000
26441	0.00000
26445	0.00000
26449	0.00000
26572	0.00000
26576	0.00000
26580	0.00000
26584	0.00000
26588	0.00000
26592	0.00000
26596	0.00000
26600	0.00000
26604	0.00000
26608	0.00000
26612	-0.05658
26616	-0.29681
26620	-0.38570
26624	-1.10806
26628	-0.48682
26632	-0.43323
26636	0.00000
26708	0.00000
26712	0.00000
26716	0.00000
26720	0.00000
26724	0.00000
26728	0.00000
27189	0.00000
27193	0.00000
27197	0.00000
27201	0.00000
27329	0.00000
27333	0.00000
27337	0.00000
27341	0.00000
27345	0.00000
27349	0.00000
27353	0.00000
27357	0.00000
27361	0.00000
27365	0.00000
27369	0.00000
27373	0.00000
27377	0.00000
27381	0.00000
27385	0.00000
27389	0.00000
27393	0.00000
27397	0.00000
27401	0.00000
27405	0.00000
27409	0.00000
27413	0.00000
27417	0.00000
27421	0.00000
27425	0.00000
27429	0.00000
27433	0.00000
27437	0.00000
27441	0.00000
27445	0.00000
27449	0.00000
27453	0.00000
27457	0.00000
27461	0.00000
27465	0.00000
27469	0.00000
27473	0.00000
27477	0.00000
27481	0.00000
27485	0.00000
27489	0.00000
27493	0.00000
27497	0.00000
27501	0.00000
27505	0.00000
27509	0.00000
27513	0.00000
27517	0.00000
27521	0.00000
27525	0.00000
27529	0.00000
27533	0.00000
27537	0.00000
27541	0.00000
27545	0.00000
27549	0.00000
27553	0.00000
27557	0.00000
27561	0.00000
27565	0.00000
27569	0.00000
27573	0.00000
27645	0.00000
27649	0.00000
27653	0.00000
27657	0.00000
27661	0.00000
27665	0.00000
27669	0.00000
28132	0.00000
28136	0.00000
28140	0.00000
28144	0.00000
28148	0.00000
28152	0.00000
28156	0.00000
28160	0.00000
28164	0.00000
28168	0.29698
28172	0.00000
28176	0.11103
28180	0.00000
28184	0.00000
28188	0.00000
28192	0.00000
28196	0.00000
28200	0.00000
28204	0.00000
28208	0.00000
28212	0.00000
28216	0.00000
28220	0.00000
28224	0.00000
28228	0.00000
28232	0.00000
28236	0.00000
28240	0.00000
28244	0.00000
28248	0.00000
28252	0.00000
28256	0.00000
28260	0.00000
28264	0.00000
28268	0.00000
28272	0.00000
28276	0.00000
28280	0.00000
28284	0.00000
28288	0.00000
28292	0.00000
28296	0.00000
28300	0.00000
28304	0.00000
28308	0.00000
28312	0.00000
28316	0.00000
28320	0.00000
28324	0.00000
28328	0.00000
28332	0.00000
28336	0.00000
28340	0.00000
28344	0.00000
28348	0.00000
28352	0.00000
28356	0.00000
28360	0.00000
28364	0.00000
28368	0.00000
28372	0.00000
28376	0.00000
28380	0.00000
28384	0.00000
28388	0.00000
28392	0.00000
28396	0.00000
28400	0.00000
28404	0.00000
28408	0.00000
28412	0.00000
28416	0.00000
28420	0.00000
28424	0.00000
28428	0.00000
28432	0.00000
28436	0.00000
28440	0.00000
28444	0.00000
28448	0.00000
28452	0.00000
28456	0.00000
28460	0.00000
28464	0.00000
28468	0.00000
28472	0.00000
28476	0.05344
28480	0.00000
28484	0.00000
28488	0.00000
28492	0.00000
28496	0.00000
28500	0.00000
28504	0.00000
28508	0.00000
28512	0.00000
28516	0.00000
28520	0.00000
28524	0.00000
28528	0.00000
28532	0.00000
28536	0.00000
28540	0.00000
28544	0.00000
28548	0.00000
28552	0.00000
28556	0.00000
28560	0.00000
28564	0.00000
28568	0.00000
28572	0.00000
28576	0.00000
28580	0.00000
28584	0.00000
28588	0.00000
28592	0.00000
28596	0.00000
28600	0.00000
28604	0.00000
28608	-0.05659
28612	0.00000
28616	0.00000
28620	0.00000
28624	0.00000
28628	0.00000
28632	0.00000
28636	0.00000
28640	0.00000
28644	0.00000
28648	0.00000
28652	0.00000
28656	0.00000
28660	0.00000
28664	0.00000
28668	0.00000
28672	0.00000
28676	0.00000
28680	0.00000
28684	0.00000
28688	0.00000
28692	0.00000
28696	0.00000
28700	0.00000
28704	0.00000
28708	0.00000
28712	0.00000
28716	0.00000
28720	0.00000
28724	0.00000
28728	0.00000
28732	0.00000
28736	0.00000
28740	0.00000
28744	0.00000
28748	0.00000
28752	0.00000
28756	0.00000
28760	0.00000
28764	0.00000
28768	0.00000
28772	0.00000
28776	0.00000
28780	0.00000
28784	0.00000
28788	0.00000
28792	0.00000
28796	0.00000
28800	0.00000
28804	0.00000
28808	0.00000
28812	0.00000
28816	0.00000
28820	0.00000
28824	0.00000
28828	0.00000
28832	0.00000
28836	0.00000
28840	0.00000
28844	0.00000
28848	0.00000
28852	0.00000
28856	0.00000
28860	0.00000
28864	0.00000
28868	0.00000
28872	0.00000
28876	0.00000
28880	0.00000
28884	0.00000
28888	0.00000
28892	0.00000
28896	0.00000
28900	0.00000
28904	0.00000
28908	0.00000
29036	0.29845
29040	0.58496
29044	1.04648
29048	1.20511
29052	0.79199
29056	0.73697
29060	0.55521
29064	1.32193
29068	1.41504
29072	1.30117
29076	1.22239
29080	0.00000
29084	0.00000
29088	0.00000
29092	0.00000
29096	0.00000
29100	0.00000
29104	0.00000
29108	0.00000
29112	0.00000
29116	0.00000
29120	0.00000
29124	0.00000
29128	0.00000
29132	0.00000
29136	0.00000
29140	0.00000
29144	0.00000
29148	0.00000
29152	0.00000
29156	0.00000
29160	0.00000
29164	0.00000
29168	0.00000
29172	0.00000
29176	0.00000
29180	0.00000
29184	0.00000
29188	0.00000
29192	0.00000
29196	0.00000
29200	0.00000
29204	0.00000
29208	0.00000
29212	0.00000
29216	0.00000
29220	0.00000
29224	0.00000
29228	0.00000
29232	0.00000
29236	0.00000
29240	0.00000
29244	0.00000
29248	0.00000
29252	0.00000
29256	0.00000
29260	0.00000
29264	0.00000
29268	0.00000
29272	0.00000
29276	0.00000
29280	0.00000
29284	0.00000
29288	0.00000
29292	0.00000
29296	0.00000
29300	0.00000
29304	0.00000
29308	0.00000
29312	0.00000
29316	0.00000
29320	0.00000
29324	0.00000
29328	0.00000
29332	0.00000
29336	0.00000
29340	0.00000
29344	0.00000
29348	0.00000
29352	0.00000
29356	0.00000
29360	0.00000
29364	0.00000
29368	0.00000
29372	0.00000
29376	0.00000
29380	0.00000
29384	0.00000
29388	0.00000
29392	0.00000
29396	0.00000
29400	0.00000
29404	0.00000
29408	0.00000
29412	0.00000
29416	0.00000
29420	0.00000
29424	0.00000
29428	0.00000
29432	0.00000
29436	0.00000
29440	0.00000
29444	0.00000
29448	0.00000
29452	0.00000
29456	0.00000
29460	0.00000
29464	0.00000
29468	0.00000
29472	0.00000
29476	0.00000
29480	0.00000
29484	0.00000
29488	0.00000
29492	0.00000
29496	0.00000
29500	0.00000
29504	0.00000
29508	0.00000
29512	0.00000
29516	0.00000
29520	0.00000
29524	0.00000
29528	0.00000
29532	0.00000
29536	0.00000
29540	0.00000
29544	0.00000
29548	0.00000
29552	0.00000
29556	0.00000
29560	0.00000
29564	0.00000
29568	0.00000
29572	0.00000
29576	0.00000
29580	0.00000
29584	0.00000
29588	0.00000
29592	0.00000
29596	0.00000
29600	0.00000
29604	0.00000
29608	0.00000
29612	0.00000
29616	0.00000
29620	0.00000
29624	0.00000
29628	0.23879
29632	0.58496
29636	0.00000
29640	0.00000
29644	0.00000
29648	0.00000
29652	0.00000
29656	0.00000
29660	0.00000
29664	0.00000
29668	0.00000
29672	0.00000
29676	0.00000
29680	0.00000
29684	0.00000
29688	0.00000
29692	0.00000
29696	0.00000
29700	0.00000
29704	0.00000
29708	0.00000
29712	0.00000
29716	0.00000
29720	0.00000
29724	0.00000
29728	0.00000
29732	0.00000
29736	0.00000
29740	0.00000
29744	0.00000
29748	0.00000
29752	0.00000
29756	0.00000
29760	0.00000
29885	0.00000
29937	0.00000
29941	0.00000
29945	0.00000
29949	0.00000
29953	0.00000
29957	0.00000
29961	0.00000
29965	0.13750
29969	0.40054
29973	0.00000
29977	0.09311
29981	0.09311
29985	0.00000
29989	0.00000
29993	0.00000
29997	0.00000
30001	0.18161
30005	0.02576
30009	0.00000
30013	0.00000
30017	0.00000
30021	0.00000
30025	0.00000
30029	0.00000
30033	0.00000
30037	0.00000
30041	0.00000
30045	0.00000
30049	0.00000
30053	0.00000
30057	0.00000
30061	0.00000
30065	0.00000
30069	0.00000
30073	0.00000
30077	0.00000
30081	0.00000
30085	0.00000
30089	0.00000
30093	0.00000
30097	0.00000
30101	0.00000
30105	0.00000
30109	0.00000
30113	0.00000
30117	0.00000
30121	0.00000
30125	0.00000
30129	0.00000
30133	0.00000
30137	0.00000
30141	0.00000
30145	0.00000
30149	0.00000
30153	0.00000
30157	0.00000
30161	0.00000
30165	0.00000
30169	0.00000
30173	0.00000
30177	0.00000
30181	0.00000
30185	0.00000
30189	0.00000
30193	0.00000
30197	0.00000
30201	0.00000
30205	0.00000
30209	0.00000
30213	0.00000
30217	0.00000
30221	0.00000
30225	0.00000
30229	0.00000
30233	0.00000
30237	0.00000
30241	0.00000
30245	0.00000
30249	0.00000
30253	0.00000
30257	0.00000
30261	0.00000
30265	0.00000
30269	0.00000
30273	0.00000
30277	0.00000
30281	0.00000
30285	0.00000
30289	0.00000
30293	0.00000
30297	0.00000
30301	0.00000
30305	0.00000
30309	0.00000
30313	0.00000
30317	0.00000
30321	0.00000
30325	0.00000
30329	0.00000
30333	0.00000
30337	0.00000
30341	0.00000
30345	0.00000
30349	0.00000
30353	0.00000
30357	0.00000
30361	0.00000
30365	0.00000
30369	0.00000
30373	0.00000
30377	0.00000
30381	0.00000
30385	0.00000
30389	0.00000
30393	0.00000
30397	0.00000
30401	0.22239
30405	0.00000
30409	0.00000
30413	0.00000
30417	0.00000
30421	0.00000
30425	0.00000
30429	0.12199
30433	0.00000
30437	0.00000
30441	0.22239
30445	0.25716
30449	0.63743
30453	1.05445
30457	0.00000
30461	0.37504
30465	0.58496
30469	0.47573
30473	0.00000
30477	0.00000
30481	0.00000
30485	0.00000
30489	0.00000
30493	0.45811
30497	0.58496
30501	1.00000
30505	0.58496
30509	0.72582
30513	0.00000
30517	0.72935
30521	0.00000
30525	0.00000
30529	0.00000
30533	0.00000
30537	0.00000
30541	0.00000
30545	0.00000
30549	0.00000
30553	0.00000
30557	0.00000
30561	0.00000
30565	0.00000
30569	0.00000
30573	0.00000
30577	0.00000
30581	0.00000
30585	0.13750
30589	0.41504
30593	0.00000
30597	0.04947
30601	0.00000
30605	0.00000
30609	0.00000
30613	0.01838
30617	0.00000
30621	0.00000
30625	0.00000
30629	0.00000
30633	0.00000
30637	0.00000
30641	0.00000
30645	0.00000
30649	0.00000
30653	0.00000
30657	0.00000
30661	0.00000
30665	0.00000
30669	0.00000
30673	0.00000
30677	0.00000
30681	0.00000
30685	0.00000
30689	0.00000
30693	0.00000
30697	0.00000
30701	0.00000
30705	0.00000
30709	0.00000
30713	0.00000
30717	0.00000
30721	0.00000
30725	0.00000
30729	0.00000
30733	0.00000
30737	0.00000
30741	0.00000
30745	0.00000
30749	0.00000
30753	0.00000
30879	0.20718
30883	0.20718
31012	0.24999
31016	0.36100
31020	0.00000
31024	0.00000
31028	0.00000
31032	0.00000
31036	0.00000
31040	0.00000
31044	0.00000
31048	0.00000
31052	0.00000
31056	0.00000
31060	0.00000
31064	0.00000
31068	0.00000
31072	0.00000
31076	0.00000
31080	0.00000
31084	0.00000
31088	0.00000
31092	0.00000
31096	0.00000
31100	0.00000
31104	0.00000
31108	0.24793
31112	0.35755
31116	0.58496
31120	0.00000
31124	0.58496
31128	0.64386
31132	0.00000
31136	0.00000
31140	0.00000
31144	0.00000
31148	0.00000
31152	0.00000
31156	0.00000
31160	0.00000
31164	0.00000
31168	0.00000
31172	0.00000
31176	0.00000
31180	0.00000
31184	0.00000
31188	0.00000
31192	0.00000
31196	0.00000
31200	0.00000
31204	0.00000
31208	0.00000
31212	0.00000
31216	0.00000
31220	0.00000
31224	0.00000
31228	0.00000
31232	0.00000
31236	0.00000
31240	0.00000
31244	0.00000
31248	0.00000
31252	0.00000
31256	0.01759
31260	0.00000
31264	0.00000
31268	0.00000
31272	0.00000
31395	0.00000
31399	0.00000
31403	0.00000
31407	0.00000
31529	0.00000
31533	0.00000
31537	0.06499
31541	0.23454
31545	0.00000
31549	0.00000
31553	0.00000
31557	0.04252
31561	0.00000
31565	0.00000
31569	0.00000
31573	0.02061
31577	-0.00898
31581	0.02367
31585	0.02857
31589	0.09177
31593	0.19646
31597	0.25015
31601	0.26048
31605	0.41965
31609	0.49590
31613	0.52458
31617	0.51972
31621	0.57262
31625	0.59222
31629	0.52856
31633	0.53766
31637	0.48813
31641	0.30571
31645	0.16242
31649	0.10527
31653	0.00000
31657	0.00000
31661	0.00000
31665	0.00000
31669	0.00000
31673	0.00000
31677	0.00000
31681	0.00000
31685	0.00000
31689	0.00000
31693	0.00000
31697	0.00000
31701	-0.45995
31705	-0.67807
31709	-0.70538
31713	-0.96858
31717	-1.15200
31721	-1.02518
31725	-0.87673
31729	-0.84645
31733	-0.21150
31737	0.00000
31741	-0.10579
31745	0.00000
31749	0.00000
31753	0.00000
31757	0.00000
31761	0.00000
31765	0.00000
31769	0.04439
31773	0.07286
31777	0.13517
31781	0.00000
31785	0.12996
31789	0.13372
31793	0.00000
31797	-0.11765
31801	0.00000
31805	-0.19897
31809	-0.36513
31813	-0.87919
31817	-0.93508
31821	-1.09392
31825	-0.74459
31829	-1.02308
31833	-1.07126
31837	-0.92399
31841	-0.53766
31845	-0.68811
31849	-0.34280
31853	-0.07723
31857	0.00000
31861	0.00000
31987	0.00000
31991	0.00000
31995	0.00000
31999	0.00000
32003	0.00000
32007	0.00000
32011	0.00000
32015	0.00000
32019	0.00000
32023	0.00000
32027	0.00000
32031	0.00000
32035	0.00000
32039	0.00000
32043	0.00000
32047	0.00000
32051	0.00000
32055	0.00000
32059	0.00000
32063	-0.29087
32580	0.28054
32584	0.28054
32588	0.28054
32592	0.28054
32596	0.28054
32718	0.00000
32722	0.00000
32848	-0.55855
32852	-0.79837
32856	-0.12499
32860	0.00000
32864	0.00000
32868	0.00000
32872	0.00000
32876	0.00000
32880	0.00000
32884	0.00000
32888	0.00000
32892	0.00000
32896	0.00000
32900	0.00000
32904	0.00000
32908	0.00000
32912	0.00000
32916	0.00000
32920	0.00000
32924	0.00000
32928	0.00000
32932	0.00000
32936	0.00000
32940	0.00000
32944	0.00000
32948	0.00000
32952	0.00000
32956	0.00000
32960	0.00000
32964	0.00000
32968	0.15472
32972	0.54057
32976	0.00000
32980	0.00000
32984	0.00000
32988	0.00000
32992	0.00000
32996	0.00000
33000	0.00000
33004	0.00000
33008	0.00000
33012	0.00000
33016	0.00000
33020	0.00000
33024	0.00000
33028	0.00000
33032	0.00000
33036	0.00000
33040	0.00000
33044	0.00000
33169	0.00000
33173	0.00000
33177	0.00000
33181	0.00000
33185	0.00000
33189	0.00000
33193	0.00000
33197	0.00000
33201	0.00000
33205	0.00000
33209	0.00000
33213	0.00000
33217	0.00000
33221	0.00000
33225	0.00000
33229	0.00000
33233	0.00000
33237	0.00000
33241	0.00000
33245	0.00000
33249	0.00000
33253	0.00000
33257	0.00000
33261	0.00000
33265	0.00000
33269	0.00000
33273	0.00000
33277	0.00000
33401	-0.33840
33405	-0.31715
33409	-0.27271
33413	-0.27271
33417	-0.27271
33421	-0.27271
33425	-0.21957
33429	-0.02457
33555	0.00000
33559	0.00000
33682	0.00000
33686	0.00000
33811	0.00000
33815	0.00000
34419	0.00000
34423	0.00000
34427	0.00000
34431	0.00000
34435	0.00000
34439	0.00000
34443	0.00000
34447	0.00000
34451	0.00000
34455	0.00000
34459	0.00000
34463	0.00000
34467	0.00000
34596	0.58496
34600	0.58496
34604	0.58496
35328	-0.43008
35332	-0.43008
35457	0.00000
35461	0.00000
35590	0.00000
35594	0.00000
35598	0.00000
35602	0.00000
35606	0.00000
35610	0.00000
35614	0.00000
35618	0.00000
35622	0.00000
35626	0.00000
35630	0.00000
35634	0.00000
35638	0.00000
35642	0.00000
35646	0.00000
35650	0.00000
35654	0.00000
35658	0.00000
35662	0.00000
35666	0.00000
35670	0.00000
35674	0.00000
35678	0.00000
35682	0.00000
35686	0.00000
35690	0.00000
35694	0.00000
35698	0.00000
35821	0.40841
35825	0.40841
35948	-1.06434
35952	-1.22533
35956	-1.10733
35960	-1.17116
35964	-1.23380
35968	-1.37818
35972	-1.47644
35976	-1.63821
35980	-1.78884
35984	-2.12205
35988	-2.04651
35992	-1.85297
35996	-1.98694
36000	-1.84944
36004	-1.72055
36008	-1.65076
36012	-1.44226
36016	-1.23762
36020	-0.64405
36024	-0.43649
36028	-0.29537
36032	-0.19479
36036	-0.40545
36040	-0.29492
36411	-0.39013
36415	-0.39013
36419	-0.39013
36600	0.00000
36604	0.00000

